
32
1286
1365
1139
1315
1305
1210
1256
1224
1264
1127
1649
1711
1527
1435
1488
1452
1547
1565
1642
1628
2359
2169
2346
2252
2345
2306
2310
2264
2286
2313
2733
2843
2631
2782
2885
2841
2735
2712
2590
2789
3128
3006
3011
3140
3122
3183
3221
3139
3025
3208
4040
3849
3892
3875
3753
3908
3938
3939
3940
3943
5514
5298
5211
5023
5266
5139
5256
5111
5489
5354
5820
5476
5720
5927
5603
5362
5756
5765
5990
5903
6559
6479
6561
6578
6608
6634
6571
6798
6574
6676
10919
10601
11043
10934
10657
10430
10977
10827
10554
10768
11553
11547
11666
11715
11606
11580
11753
11741
11593
11750
26654
27109
26807
26849
26781
26953
26652
27020
26445
26851